N = 1:10^3:10